23.000000
34.000000
56.000000
88.000000
143.000000
229.000000
371.000000
605.000000
977.000000
1573.000000
65.000000
103.000000
164.000000
266.000000
429.000000
703.000000
1126.000000
1823.000000
2949.000000
4775.000000
1.000000
1.000000
2.000000
3.000000
4.000000
8.000000
11.000000
18.000000
28.000000
44.000000
513.000000
632.000000
757.000000
883.000000
1009.000000
1133.000000
1259.000000
1385.000000
1511.000000
1637.000000
1304.000000
1624.000000
1949.000000
2273.000000
2595.000000
2920.000000
3245.000000
3571.000000
3895.000000
4219.000000
13.000000
21.000000
13.000000
18.000000
15.000000
24.000000
21.000000
26.000000
27.000000
28.000000
512.000000
1103.000000
1628.000000
2198.000000
2828.000000
3559.000000
4243.000000
4622.000000
5958.000000
6283.000000
1539.000000
3231.000000
5536.000000
7090.000000
9657.000000
11298.000000
14117.000000
15694.000000
17969.000000
21054.000000
23.000000
25.000000
37.000000
47.000000
71.000000
83.000000
91.000000
113.000000
137.000000
169.000000
